786.2 
786.2 
786.2 
786.2 
786.2 
786.2 
786.2 
786.2 
786.2 
786.2 
786.2 
786.2 
786.2 
786.2 
786.2 
786.2 
786.2 
786.2 
786.2 
786.2 
786.2 
786.2 
786.2 
786.2 
786.2 
786.2 
786.2 
786.2 
786.2 
786.2 
786.2 
786.2 
786.2 
786.2 
786.2 
786.2 
786.2 
786.2 
786.2 
786.2 
786.2 
786.2 
786.2 
786.2 
786.2 
786.2 
786.2 
786.2 
786.2 
786.2 
786.2 
786.2 
786.2 
786.2 
786.2 
786.2 
786.2 
786.2 
786.2 
786.2 
786.2 
786.2 
786.2 
786.2 
786.2 
786.2 
786.2 
786.2 
786.2 
786.2 
786.2 
786.2 
786.2 
786.2 
786.2 
786.2 
786.2 
786.2 
786.2 
786.2 
786.2 
786.2 
786.2 
786.2 
786.2 
786.2 
786.2 
786.2 
786.2 
786.2 
786.2 
786.2 
786.2 
786.2 
786.2 
786.2 
786.2 
786.2 
786.2 
786.2 
786.2 
786.2 
786.2 
786.2 
786.2 
786.2 
786.2 
786.2 
786.2 
786.2 
786.2 
786.2 
786.2 
786.2 
786.2 
786.2 
786.2 
786.2 
786.2 
786.2 
786.2 
786.2 
786.2 
786.2 
786.2 
786.2 
786.2 
786.2 
786.2 
786.2 
786.2 
786.2 
786.2 
786.2 
786.2 
786.2 
786.2 
786.2 
786.2 
786.2 
786.2 
786.2 
786.2 
786.2 
786.2 
786.2 
786.2 
786.2 
786.2 
786.2 
786.2 
786.2 
786.2 
786.2 
786.2 
599.0 
599.0 
599.0 
599.0 
599.0 
599.0 
599.0 
599.0 
599.0 
599.0 
599.0 
599.0 
599.0 
599.0 
599.0 
599.0 
599.0 
599.0 
599.0 
599.0 
599.0 
599.0 
599.0 
599.0 
599.0 
599.0 
599.0 
599.0 
599.0 
599.0 
599.0 
599.0 
599.0 
599.0 
599.0 
599.0 
599.0 
599.0 
599.0 
599.0 
599.0 
599.0 
599.0 
599.0 
599.0 
599.0 
599.0 
599.0 
599.0 
599.0 
599.0 
599.0 
599.0 
599.0 
599.0 
599.0 
599.0 
599.0 
599.0 
599.0 
599.0 
599.0 
599.0 
599.0 
599.0 
599.0 
599.0 
599.0 
599.0 
599.0 
599.0 
599.0 
599.0 
599.0 
599.0 
599.0 
599.0 
599.0 
599.0 
599.0 
599.0 
599.0 
599.0 
599.0 
599.0 
599.0 
599.0 
599.0 
599.0 
599.0 
599.0 
599.0 
599.0 
599.0 
599.0 
599.0 
593.70 
593.70 
593.70 
593.70 
593.70 
593.70 
593.70 
593.70 
593.70 
593.70 
593.70 
593.70 
593.70 
593.70 
593.70 
593.70 
593.70 
593.70 
593.70 
593.70 
593.70 
593.70 
593.70 
593.70 
593.70 
593.70 
593.70 
593.70 
593.70 
593.70 
593.70 
593.70 
593.70 
593.70 
593.70 
593.70 
593.70 
593.70 
593.70 
593.70 
593.70 
593.70 
593.70 
593.70 
593.70 
593.70 
593.70 
593.70 
593.70 
593.70 
593.70 
593.70 
593.70 
593.70 
593.70 
593.70 
593.70 
593.70 
593.70 
593.70 
593.70 
593.70 
593.70 
593.70 
593.70 
593.70 
593.70 
593.70 
593.70 
593.70 
593.70 
593.70 
593.70 
593.70 
593.70 
593.70 
593.70 
593.70 
593.70 
593.70 
780.6 786.2 
780.6 786.2 
780.6 786.2 
780.6 786.2 
780.6 786.2 
780.6 786.2 
780.6 786.2 
780.6 786.2 
780.6 786.2 
780.6 786.2 
780.6 786.2 
780.6 786.2 
780.6 786.2 
780.6 786.2 
780.6 786.2 
780.6 786.2 
780.6 786.2 
780.6 786.2 
780.6 786.2 
780.6 786.2 
780.6 786.2 
780.6 786.2 
780.6 786.2 
780.6 786.2 
780.6 786.2 
780.6 786.2 
780.6 786.2 
780.6 786.2 
780.6 786.2 
780.6 786.2 
780.6 786.2 
780.6 786.2 
780.6 786.2 
780.6 786.2 
780.6 786.2 
780.6 786.2 
780.6 786.2 
780.6 786.2 
780.6 786.2 
780.6 786.2 
780.6 786.2 
780.6 786.2 
780.6 786.2 
780.6 786.2 
780.6 786.2 
780.6 786.2 
780.6 786.2 
780.6 786.2 
780.6 786.2 
780.6 786.2 
780.6 786.2 
780.6 786.2 
780.6 786.2 
780.6 786.2 
780.6 786.2 
780.6 786.2 
780.6 786.2 
780.6 786.2 
780.6 786.2 
780.6 786.2 
780.6 786.2 
780.6 786.2 
780.6 786.2 
780.6 786.2 
780.6 786.2 
780.6 786.2 
780.6 786.2 
780.6 786.2 
780.6 786.2 
780.6 786.2 
780.6 786.2 
780.6 786.2 
780.6 786.2 
780.6 786.2 
780.6 786.2 
780.6 786.2 
486 
486 
486 
486 
486 
486 
486 
486 
486 
486 
486 
486 
486 
486 
486 
486 
486 
486 
486 
486 
486 
486 
486 
486 
486 
486 
486 
486 
486 
486 
486 
486 
486 
486 
486 
486 
486 
486 
486 
486 
486 
486 
486 
486 
486 
486 
486 
486 
486 
486 
486 
486 
486 
486 
486 
486 
486 
486 
486 
486 
486 
486 
486 
486 
486 
486 
780.6 
780.6 
780.6 
780.6 
780.6 
780.6 
780.6 
780.6 
780.6 
780.6 
780.6 
780.6 
780.6 
780.6 
780.6 
780.6 
780.6 
780.6 
780.6 
780.6 
780.6 
780.6 
780.6 
780.6 
780.6 
780.6 
780.6 
780.6 
780.6 
780.6 
780.6 
780.6 
780.6 
780.6 
780.6 
780.6 
780.6 
780.6 
780.6 
780.6 
780.6 
591 
591 
591 
591 
591 
591 
591 
591 
591 
591 
591 
591 
591 
591 
591 
591 
591 
591 
591 
591 
591 
591 
591 
591 
591 
591 
591 
591 
591 
591 
591 
591 
591 
591 
591 
591 
591 
591 
591 
591 
786.50 
786.50 
786.50 
786.50 
786.50 
786.50 
786.50 
786.50 
786.50 
786.50 
786.50 
786.50 
786.50 
786.50 
786.50 
786.50 
786.50 
786.50 
786.50 
786.50 
786.50 
786.50 
786.50 
786.50 
786.50 
786.50 
786.50 
786.50 
786.50 
786.50 
786.50 
786.50 
596.54 
596.54 
596.54 
596.54 
596.54 
596.54 
596.54 
596.54 
596.54 
596.54 
596.54 
596.54 
596.54 
596.54 
596.54 
596.54 
596.54 
596.54 
596.54 
596.54 
596.54 
596.54 
596.54 
596.54 
596.54 
596.54 
596.54 
596.54 
596.54 
596.54 
596.54 
788.30 
788.30 
788.30 
788.30 
788.30 
788.30 
788.30 
788.30 
788.30 
788.30 
788.30 
788.30 
788.30 
788.30 
788.30 
788.30 
788.30 
788.30 
788.30 
788.30 
788.30 
788.30 
788.30 
788.30 
788.30 
788.30 
788.30 
788.30 
788.30 
599.7 
599.7 
599.7 
599.7 
599.7 
599.7 
599.7 
599.7 
599.7 
599.7 
599.7 
599.7 
599.7 
599.7 
599.7 
599.7 
599.7 
599.7 
599.7 
599.7 
599.7 
599.7 
599.7 
599.7 
599.7 
786.07 
786.07 
786.07 
786.07 
786.07 
786.07 
786.07 
786.07 
786.07 
786.07 
786.07 
786.07 
786.07 
786.07 
786.07 
786.07 
786.07 
786.07 
786.07 
786.07 
786.07 
786.07 
786.07 
786.07 
V13.02 
V13.02 
V13.02 
V13.02 
V13.02 
V13.02 
V13.02 
V13.02 
V13.02 
V13.02 
V13.02 
V13.02 
V13.02 
V13.02 
V13.02 
V13.02 
V13.02 
V13.02 
591 593.89 
591 593.89 
591 593.89 
591 593.89 
591 593.89 
591 593.89 
591 593.89 
591 593.89 
591 593.89 
591 593.89 
591 593.89 
591 593.89 
591 593.89 
591 593.89 
591 593.89 
591 593.89 
795.5 
795.5 
795.5 
795.5 
795.5 
795.5 
795.5 
795.5 
795.5 
795.5 
795.5 
795.5 
795.5 
795.5 
795.5 
795.5 
493.90 
493.90 
493.90 
493.90 
493.90 
493.90 
493.90 
493.90 
493.90 
493.90 
493.90 
493.90 
493.90 
493.90 
493.90 
277.00 
277.00 
277.00 
277.00 
277.00 
277.00 
277.00 
277.00 
277.00 
277.00 
277.00 
277.00 
277.00 
277.00 
277.00 
518.0 
518.0 
518.0 
518.0 
518.0 
518.0 
518.0 
518.0 
518.0 
518.0 
518.0 
518.0 
786.07 786.2 
786.07 786.2 
786.07 786.2 
786.07 786.2 
786.07 786.2 
786.07 786.2 
786.07 786.2 
786.07 786.2 
786.07 786.2 
786.07 786.2 
786.07 786.2 
786.07 786.2 
759.89 
759.89 
759.89 
759.89 
759.89 
759.89 
759.89 
759.89 
759.89 
759.89 
759.89 
596.54 741.90 
596.54 741.90 
596.54 741.90 
596.54 741.90 
596.54 741.90 
596.54 741.90 
596.54 741.90 
596.54 741.90 
596.54 741.90 
596.54 741.90 
596.54 741.90 
593.89 
593.89 
593.89 
593.89 
593.89 
593.89 
593.89 
593.89 
789.00 
789.00 
789.00 
789.00 
789.00 
789.00 
789.00 
789.00 
592.0 
592.0 
592.0 
592.0 
592.0 
592.0 
592.0 
591 593.5 
591 593.5 
591 593.5 
591 593.5 
591 593.5 
591 593.5 
593.70 593.89 
593.70 593.89 
593.70 593.89 
593.70 593.89 
593.70 593.89 
593.70 593.89 
753.3 
753.3 
753.3 
753.3 
753.3 
591 593.70 
591 593.70 
591 593.70 
591 593.70 
591 593.70 
V67.09 
V67.09 
V67.09 
V67.09 
V67.09 
591 753.21 
591 753.21 
591 753.21 
591 753.21 
741.90 
741.90 
741.90 
741.90 
780.6 786.07 786.2 
780.6 786.07 786.2 
780.6 786.07 786.2 
780.6 786.07 786.2 
591 596.54 
591 596.54 
591 596.54 
591 596.54 
593.70 599.0 
593.70 599.0 
593.70 599.0 
593.70 599.0 
486 518.0 
486 518.0 
780.6 786.2 787.03 
780.6 786.2 787.03 
593.89 599.0 
593.89 599.0 
786.09 786.2 
786.09 786.2 
599.7 791.0 
599.7 791.0 
593.70 753.3 
593.70 753.3 
593.89 596.54 
593.89 596.54 
599.0 753.3 
599.0 753.3 
599.0 788.30 
599.0 788.30 
593.1 593.70 
593.1 593.70 
V13.09 
V13.09 
593.89 788.30 
593.89 788.30 
593.5 593.89 
593.5 593.89 
753.3 V13.09 
753.3 V13.09 
780.6 786.07 
780.6 786.07 
593.89 599.7 
593.89 599.7 
593.89 753.3 
593.89 753.3 
493.90 780.6 786.2 
493.90 780.6 786.2 
599.0 599.7 
599.0 599.7 
462 780.6 
462 780.6 
780.6 786.05 786.2 
780.6 786.05 786.2 
786.05 786.2 
786.05 786.2 
493.90 780.6 
493.90 780.6 
789.09 
789.09 
599.7 789.09 
599.7 789.09 
493.90 780.6 
493.90 780.6 
591 599.0 
591 599.0 
786.59 
493.90 518.0 
596.8 599.0 
599.7 788.41 
753.0 
596.8 
591 593.5 593.70 
786.2 795.5 
593.70 V13.02 
753.3 V13.02 
V72.5 
786.2 787.03 
593.89 V13.02 
753.3 758.6 
486 518.0 786.07 
785.6 786.2 
786.09 
783.0 786.2 
599.7 788.30 
486 511.9 
786.2 V42.0 
599.0 780.6 
593.70 596.54 
493.90 786.2 
591 592.0 
462 786.2 
786.2 786.50 
780.6 786.50 
279.12 786.2 
753.3 V67.09 
593.5 593.70 
V13.02 V13.09 
599.0 V13.09 